5.700081253051757812e+01 9.151891326904296875e+01 4.036496734619140625e+01
5.816835021972656250e+01 1.120313339233398438e+02 4.628595352172851562e+01
6.145368576049804688e+01 1.318763275146484375e+02 5.264176177978515625e+01
6.301442718505859375e+01 1.497377319335937500e+02 5.991631698608398438e+01
6.676495361328125000e+01 1.676402587890625000e+02 7.469229125976562500e+01
7.545548248291015625e+01 1.818634033203125000e+02 9.566241455078125000e+01
8.620846557617187500e+01 1.890243225097656250e+02 1.189717712402343750e+02
1.014585418701171875e+02 1.944202270507812500e+02 1.419649810791015625e+02
1.262093200683593750e+02 1.987998504638671875e+02 1.513334197998046875e+02
1.501274719238281250e+02 1.960276184082031250e+02 1.454588775634765625e+02
1.701166229248046875e+02 1.936102905273437500e+02 1.248554229736328125e+02
1.816016998291015625e+02 1.887262115478515625e+02 1.006507873535156250e+02
1.917247009277343750e+02 1.770590057373046875e+02 8.092057800292968750e+01
1.978450012207031250e+02 1.585635833740234375e+02 6.892667388916015625e+01
2.034151458740234375e+02 1.395585021972656250e+02 6.249845504760742188e+01
2.078785552978515625e+02 1.205365676879882812e+02 5.448768615722656250e+01
2.109033355712890625e+02 1.003679428100585938e+02 4.840895080566406250e+01
7.195233154296875000e+01 5.384080886840820312e+01 1.067015991210937500e+02
7.975322723388671875e+01 4.546663284301757812e+01 1.189717712402343750e+02
9.200831604003906250e+01 4.206610107421875000e+01 1.287101135253906250e+02
1.032940139770507812e+02 4.338637542724609375e+01 1.351765899658203125e+02
1.123835678100585938e+02 4.590694808959960938e+01 1.385694885253906250e+02
1.546411590576171875e+02 4.747513580322265625e+01 1.406666564941406250e+02
1.641024322509765625e+02 4.517497634887695312e+01 1.379704437255859375e+02
1.753119049072265625e+02 4.495723724365234375e+01 1.319884033203125000e+02
1.870668792724609375e+02 4.931929397583007812e+01 1.231817169189453125e+02
1.944922790527343750e+02 5.938779067993164062e+01 1.117278518676757812e+02
1.331527252197265625e+02 6.926970672607421875e+01 1.468550720214843750e+02
1.327761383056640625e+02 8.009250640869140625e+01 1.591261138916015625e+02
1.323996887207031250e+02 9.010329437255859375e+01 1.706556854248046875e+02
1.320233306884765625e+02 1.003679428100585938e+02 1.758560943603515625e+02
1.154773941040039062e+02 1.161955566406250000e+02 1.520283660888671875e+02
1.215531234741210938e+02 1.168504104614257812e+02 1.573560028076171875e+02
1.297677001953125000e+02 1.184263839721679688e+02 1.603029479980468750e+02
1.359772949218750000e+02 1.175063323974609375e+02 1.588314819335937500e+02
1.433413238525390625e+02 1.172438430786132812e+02 1.536146545410156250e+02
8.492997741699218750e+01 7.108808898925781250e+01 1.193618240356445312e+02
9.151042938232421875e+01 6.534230041503906250e+01 1.267314453125000000e+02
1.014585418701171875e+02 6.640664672851562500e+01 1.289084014892578125e+02
1.108471069335937500e+02 7.211186218261718750e+01 1.275213546752929688e+02
1.023308181762695312e+02 7.471326446533203125e+01 1.285118408203125000e+02
9.175919342041015625e+01 7.387432861328125000e+01 1.260396499633789062e+02
1.529440612792968750e+02 7.460807037353515625e+01 1.298020935058593750e+02
1.629987487792968750e+02 6.926970672607421875e+01 1.312922363281250000e+02
1.729943542480468750e+02 6.926970672607421875e+01 1.301992492675781250e+02
1.796905212402343750e+02 7.598302459716796875e+01 1.245597152709960938e+02
1.720979919433593750e+02 7.769705200195312500e+01 1.300999298095703125e+02
1.615228576660156250e+02 7.769705200195312500e+01 1.315905303955078125e+02
9.536262512207031250e+01 1.456308441162109375e+02 1.399675445556640625e+02
1.070837402343750000e+02 1.368598175048828125e+02 1.538127441406250000e+02
1.217385101318359375e+02 1.322797393798828125e+02 1.610859985351562500e+02
1.293924560546875000e+02 1.338946685791015625e+02 1.623556823730468750e+02
1.346601104736328125e+02 1.330869445800781250e+02 1.620629882812500000e+02
1.489986114501953125e+02 1.386137390136718750e+02 1.551977081298828125e+02
1.593003540039062500e+02 1.483925628662109375e+02 1.430634307861328125e+02
1.465493011474609375e+02 1.535617065429687500e+02 1.551977081298828125e+02
1.374870300292968750e+02 1.553000488281250000e+02 1.599109802246093750e+02
1.280802917480468750e+02 1.546987762451171875e+02 1.614770355224609375e+02
1.156602096557617188e+02 1.548324432373046875e+02 1.596167907714843750e+02
1.069947433471679688e+02 1.522218322753906250e+02 1.534165344238281250e+02
9.800266265869140625e+01 1.448217468261718750e+02 1.404669036865234375e+02
1.178606033325195312e+02 1.404358673095703125e+02 1.557904205322265625e+02
1.290171661376953125e+02 1.397609710693359375e+02 1.592242889404296875e+02
1.378645935058593750e+02 1.411107788085937500e+02 1.573560028076171875e+02
1.576272430419921875e+02 1.484598541259765625e+02 1.437622985839843750e+02
1.367320404052734375e+02 1.460352935791015625e+02 1.572574920654296875e+02
1.282676544189453125e+02 1.456308441162109375e+02 1.581434020996093750e+02
1.171258010864257812e+02 1.457656860351562500e+02 1.557904205322265625e+02
